-	script	GlobalBossId	-1,{
	end;
	
OnInit:
	if($global_boss_id_version != 10){
		$global_boss_id_version = 10;
		deletearray $all_boss_ids[0],getarraysize($all_boss_ids);
		setarray $all_boss_ids[0],1038,1039,1046,1059,1086,1087,1112,1115,1147,1150,1157,1159,1190,1251,1252,1272,1312,1373,1389,1399,1418,1492,1502,1511,1518,1583,1623,1630,1646,1647,1648,1649,1650,1651,1658,1685,1688,1708,1719,1734,1751,1766,1767,1768,1779,1785,1813,1817,1832,1871,1874,1876,1885,1917,1980,2022,2052,2068,2075,2087,2094,2095,2096,2097,2098,2099,2100,2101,2102,2103,2104,2105,2106,2107,2108,2109,2110,2111,2112,2113,2131,2156,2165,2186,2194,2202,2212,2235,2236,2237,2238,2239,2240,2241,2249,2251,2253,2255,2306,2319,2341,2352,2362,2441,2442,2443,2444,2445,2446,2447,2448,2449,2475,2476,2483,2529,2532,2533,2534,2535,2996,2999,3000,3074,3096,3098,3099,3105,3106,3190,3220,3221,3222,3223,3224,3225,3240,3241,3242,3243,3244,3245,3246,3254,3426,3427,3428,3429,3430,3450,3473,3505,3621,3628,3633,3658,3659,3741,3757,3758,3796,3804,3810,20273,20277,20381,20419,20601,20620,20621,20642,20647,20648,20659,20667,20668,20811,20843,20928,20934,20943;
		$all_boss_id_size = getarraysize($all_boss_ids);
	}
	end;
}
